# map_receiver 2026-10-10 21:21:51 streamer=stream_rt.py
# t_rel_s t_abs_s kind bytes band cum_kB pts
0.000 1791634961.672 POSE 80 - 0.080 0
0.275 1791634961.948 REC 735 hdr 0.815 802
0.358 1791634962.030 REC 497 b2 1.312 3971
0.635 1791634962.307 REC 474 b2 1.786 4723
0.917 1791634962.590 REC 475 b2 2.261 5443
1.046 1791634962.719 REC 306 b2 2.567 5854
1.085 1791634962.757 POSE 80 - 2.647 5854
1.113 1791634962.785 REC 459 b3 3.106 6762
1.493 1791634963.165 REC 573 b3 3.679 8914
1.522 1791634963.195 REC 489 b3 4.168 11710
1.936 1791634963.608 REC 602 b2 4.770 12012
2.340 1791634964.012 REC 539 b2 5.309 12248
2.662 1791634964.335 POSE 80 - 5.389 12248
2.672 1791634964.345 REC 460 b3 5.849 13768
3.112 1791634964.784 REC 606 b2 6.455 14282
3.152 1791634964.824 REC 497 b2 6.952 14557
3.365 1791634965.037 REC 451 b2 7.403 14892
3.683 1791634965.355 REC 513 b2 7.916 15020
3.727 1791634965.399 REC 470 b2 8.386 15097
4.080 1791634965.752 REC 661 b2 9.047 14989
4.149 1791634965.821 REC 126 b1 9.173 59980
4.256 1791634965.928 POSE 80 - 9.253 59980
4.275 1791634965.947 REC 213 b3 9.466 62284
4.608 1791634966.280 REC 690 b2 10.156 63352
4.722 1791634966.394 REC 411 b2 10.567 63784
5.036 1791634966.708 REC 542 b2 11.109 62856
5.167 1791634966.839 REC 600 b1 11.709 62635
5.301 1791634966.973 POSE 80 - 11.789 62635
5.301 1791634966.974 REC 127 b3 11.916 63771
5.494 1791634967.166 REC 645 b2 12.561 64783
5.770 1791634967.442 REC 529 b2 13.090 64919
5.891 1791634967.563 REC 477 b1 13.567 64999
6.143 1791634967.815 REC 655 b1 14.222 64761
6.413 1791634968.085 POSE 80 - 14.302 64761
6.413 1791634968.086 REC 90 b3 14.392 65433
6.631 1791634968.303 REC 563 b2 14.955 65877
6.756 1791634968.429 REC 494 b2 15.449 66113
7.058 1791634968.731 REC 564 b1 16.013 66108
7.195 1791634968.867 REC 490 b1 16.503 66206
7.342 1791634969.014 REC 444 b1 16.947 66263
7.476 1791634969.148 REC 355 b1 17.302 66189
8.596 1791634970.268 POSE 80 - 17.382 66189
8.596 1791634970.268 REC 202 b3 17.584 68925
8.855 1791634970.528 REC 661 b2 18.245 70537
8.984 1791634970.656 REC 443 b2 18.688 71221
9.293 1791634970.965 REC 267 b2 18.955 70677
9.422 1791634971.094 REC 614 b1 19.569 70696
9.686 1791634971.358 REC 533 b1 20.102 70794
9.763 1791634971.436 REC 491 b1 20.593 70940
9.882 1791634971.554 REC 478 b1 21.071 71001
10.251 1791634971.923 REC 625 b1 21.696 70923
10.346 1791634972.018 POSE 80 - 21.776 70923
10.346 1791634972.018 REC 91 b3 21.867 71691
10.571 1791634972.244 REC 630 b2 22.497 73119
10.697 1791634972.370 REC 378 b2 22.875 73175
10.966 1791634972.638 REC 647 b1 23.522 73167
11.317 1791634972.989 REC 567 b1 24.089 73301
11.439 1791634973.112 REC 421 b1 24.510 73348
11.567 1791634973.239 REC 458 b1 24.968 73471
11.878 1791634973.550 REC 551 b1 25.519 73424
12.023 1791634973.695 POSE 80 - 25.599 73424
12.023 1791634973.695 REC 118 b3 25.717 74576
12.186 1791634973.858 REC 571 b2 26.288 75872
12.295 1791634973.967 REC 270 b2 26.558 76180
12.491 1791634974.163 REC 504 b1 27.062 76245
12.699 1791634974.372 REC 561 b1 27.623 76314
12.806 1791634974.479 REC 416 b1 28.039 76384
12.918 1791634974.590 POSE 80 - 28.119 76384
12.918 1791634974.590 REC 54 b3 28.173 76592
13.027 1791634974.699 REC 329 b2 28.502 76776
13.310 1791634974.982 REC 501 b1 29.003 76722
13.440 1791634975.112 REC 529 b1 29.532 76769
13.719 1791634975.391 REC 517 b1 30.049 76751
13.847 1791634975.519 REC 313 b1 30.362 76805
13.948 1791634975.620 POSE 80 - 30.442 76805
13.948 1791634975.620 REC 34 b3 30.476 76853
14.067 1791634975.739 REC 356 b2 30.832 76813
14.182 1791634975.855 REC 430 b1 31.262 76843
14.301 1791634975.974 REC 498 b1 31.760 76975
14.423 1791634976.095 REC 495 b1 32.255 77010
14.739 1791634976.411 REC 556 b1 32.811 77126
14.845 1791634976.517 REC 224 b1 33.035 77177
14.965 1791634976.638 POSE 80 - 33.115 77177
14.965 1791634976.638 REC 213 b2 33.328 77281
15.385 1791634977.057 REC 512 b1 33.840 77277
15.491 1791634977.163 REC 513 b1 34.353 77309
15.609 1791634977.281 REC 500 b1 34.853 77304
15.818 1791634977.491 REC 636 b1 35.489 77191
15.934 1791634977.607 POSE 80 - 35.569 77191
15.934 1791634977.607 REC 57 b3 35.626 77479
16.050 1791634977.722 REC 259 b2 35.885 77715
16.176 1791634977.848 REC 434 b1 36.319 77790
16.496 1791634978.168 REC 527 b1 36.846 77965
16.609 1791634978.281 REC 507 b1 37.353 78020
16.836 1791634978.508 REC 695 b1 38.048 78011
16.956 1791634978.628 POSE 80 - 38.128 78011
16.956 1791634978.628 REC 53 b3 38.181 78203
17.153 1791634978.826 REC 272 b2 38.453 78243
17.314 1791634978.986 REC 378 b1 38.831 78471
17.428 1791634979.100 REC 460 b1 39.291 78681
17.614 1791634979.287 REC 516 b1 39.807 78839
17.809 1791634979.482 REC 499 b1 40.306 78910
18.027 1791634979.700 REC 242 b1 40.548 78933
18.219 1791634979.892 POSE 80 - 40.628 78933
18.219 1791634979.892 REC 268 b2 40.896 78817
18.426 1791634980.099 REC 507 b1 41.403 78918
18.544 1791634980.216 REC 541 b1 41.944 78973
18.691 1791634980.363 REC 469 b1 42.413 79101
18.844 1791634980.516 REC 623 b1 43.036 79105
18.966 1791634980.638 POSE 80 - 43.116 79105
18.966 1791634980.638 REC 384 b2 43.500 79401
19.093 1791634980.766 REC 397 b1 43.897 79714
19.228 1791634980.900 REC 472 b1 44.369 79904
19.668 1791634981.340 REC 516 b1 44.885 79984
19.775 1791634981.448 REC 514 b1 45.399 80153
19.898 1791634981.571 REC 146 b1 45.545 80186
20.021 1791634981.694 POSE 80 - 45.625 80186
20.021 1791634981.694 REC 341 b2 45.966 80702
20.150 1791634981.822 REC 496 b1 46.462 81013
20.401 1791634982.073 REC 539 b1 47.001 81144
20.518 1791634982.190 REC 493 b1 47.494 81292
20.686 1791634982.358 REC 448 b1 47.942 81360
20.894 1791634982.567 POSE 80 - 48.022 81360
20.894 1791634982.567 REC 44 b3 48.066 81504
21.005 1791634982.677 REC 417 b2 48.483 82120
21.097 1791634982.769 REC 463 b1 48.946 82260
21.200 1791634982.873 REC 484 b1 49.430 82352
21.590 1791634983.262 REC 555 b1 49.985 82555
21.675 1791634983.347 REC 487 b1 50.472 82700
21.805 1791634983.477 POSE 80 - 50.552 82700
22.052 1791634983.724 REC 520 b2 51.072 82932
22.187 1791634983.859 REC 359 b1 51.431 83145
22.288 1791634983.960 REC 450 b1 51.881 83232
22.662 1791634984.335 REC 504 b1 52.385 83357
22.886 1791634984.558 REC 654 b1 53.039 83334
23.005 1791634984.677 POSE 80 - 53.119 83334
23.005 1791634984.677 REC 44 b3 53.163 83462
23.124 1791634984.796 REC 352 b2 53.515 83682
23.243 1791634984.916 REC 439 b2 53.954 83706
23.374 1791634985.046 REC 380 b1 54.334 83906
23.504 1791634985.177 REC 365 b1 54.699 84202
23.642 1791634985.315 REC 482 b1 55.181 84595
23.774 1791634985.446 REC 330 b1 55.511 84734
23.901 1791634985.573 POSE 80 - 55.591 84734
23.901 1791634985.573 REC 30 b3 55.621 84782
24.034 1791634985.706 REC 139 b2 55.760 84818
24.179 1791634985.851 REC 531 b1 56.291 84966
24.329 1791634986.001 REC 466 b1 56.757 85194
24.675 1791634986.347 REC 515 b1 57.272 85153
24.790 1791634986.463 REC 750 b1 58.022 84679
24.917 1791634986.589 POSE 80 - 58.102 84679
24.917 1791634986.589 REC 68 b3 58.170 85095
25.045 1791634986.718 REC 392 b2 58.562 84827
25.240 1791634986.912 REC 520 b1 59.082 84803
25.330 1791634987.002 REC 422 b1 59.504 84857
25.618 1791634987.291 REC 516 b1 60.020 84819
25.901 1791634987.573 REC 546 b1 60.566 84400
26.021 1791634987.693 POSE 80 - 60.646 84400
26.021 1791634987.694 REC 216 b2 60.862 84044
26.141 1791634987.813 REC 349 b1 61.211 84044
26.304 1791634987.976 REC 513 b1 61.724 84051
26.420 1791634988.093 REC 483 b1 62.207 84036
26.531 1791634988.203 REC 490 b1 62.697 84062
26.696 1791634988.368 REC 355 b1 63.052 83975
26.834 1791634988.506 POSE 80 - 63.132 83975
26.880 1791634988.552 REC 59 b2 63.191 83867
26.991 1791634988.663 REC 486 b1 63.677 83934
27.099 1791634988.772 REC 477 b1 64.154 83947
27.549 1791634989.221 REC 520 b1 64.674 83783
27.743 1791634989.416 REC 532 b1 65.206 83486
27.845 1791634989.517 REC 306 b1 65.512 83262
27.950 1791634989.622 REC 45 b0 65.557 333028
28.145 1791634989.817 POSE 80 - 65.637 333028
28.145 1791634989.817 REC 54 b2 65.691 332436
28.296 1791634989.968 REC 418 b1 66.109 332496
28.457 1791634990.130 REC 456 b1 66.565 332524
28.619 1791634990.292 REC 547 b1 67.112 332328
28.779 1791634990.451 REC 523 b1 67.635 331936
28.937 1791634990.609 REC 417 b1 68.052 330704
29.097 1791634990.769 POSE 80 - 68.132 330704
29.097 1791634990.769 REC 29 b2 68.161 330656
29.251 1791634990.923 REC 461 b1 68.622 330476
29.408 1791634991.080 REC 495 b1 69.117 330136
29.567 1791634991.239 REC 588 b1 69.705 328488
29.796 1791634991.469 REC 664 b1 70.369 326828
29.953 1791634991.626 REC 196 b0 70.565 326692
30.104 1791634991.776 POSE 80 - 70.645 326692
30.104 1791634991.776 REC 472 b1 71.117 326880
30.259 1791634991.931 REC 362 b1 71.479 326364
30.440 1791634992.113 REC 530 b1 72.009 324936
31.215 1791634992.887 REC 664 b1 72.673 322560
31.351 1791634993.023 REC 386 b0 73.059 322169
# end: socket closed, 165 records, 73.1 KB, 322169 pts, 165 frames
